-2.00  -1.00  0.00
-1.80  -0.48  0.17
-1.29  -0.50  0.12
-2.00  -1.00  0.00
-1.29  -0.50  0.12
-1.76  -1.00  -0.38
-1.76  -1.00  -0.38
-1.29  -0.50  0.12
-1.02  -0.57  -0.16
-1.76  -1.00  -0.38
-1.02  -0.57  -0.16
-1.31  -1.00  -0.56
-1.29  -0.50  0.12
-1.11  -0.09  0.33
-0.61  -0.24  0.35
-1.29  -0.50  0.12
-0.61  -0.24  0.35
-1.02  -0.57  -0.16
-1.80  -0.48  0.17
-1.52  -0.04  0.42
-1.11  -0.09  0.33
-1.80  -0.48  0.17
-1.11  -0.09  0.33
-1.29  -0.50  0.12
-1.31  -1.00  -0.56
-1.02  -0.57  -0.16
-0.43  -0.61  -0.17
-1.31  -1.00  -0.56
-0.43  -0.61  -0.17
-0.78  -1.00  -0.66
-0.78  -1.00  -0.66
-0.43  -0.61  -0.17
-0.03  -0.61  -0.36
-0.78  -1.00  -0.66
-0.03  -0.61  -0.36
-0.06  -1.00  -0.56
-0.43  -0.61  -0.17
-0.30  -0.23  0.09
0.14  -0.34  -0.04
-0.43  -0.61  -0.17
0.14  -0.34  -0.04
-0.03  -0.61  -0.36
-1.02  -0.57  -0.16
-0.61  -0.24  0.35
-0.30  -0.23  0.09
-1.02  -0.57  -0.16
-0.30  -0.23  0.09
-0.43  -0.61  -0.17
-0.61  -0.24  0.35
-0.50  0.21  0.53
0.07  0.15  0.63
-0.61  -0.24  0.35
0.07  0.15  0.63
-0.30  -0.23  0.09
-0.30  -0.23  0.09
0.07  0.15  0.63
0.27  -0.05  0.35
-0.30  -0.23  0.09
0.27  -0.05  0.35
0.14  -0.34  -0.04
0.07  0.15  0.63
0.07  0.39  0.79
0.51  0.15  0.83
0.07  0.15  0.63
0.51  0.15  0.83
0.27  -0.05  0.35
-0.50  0.21  0.53
-0.25  0.52  0.87
0.07  0.39  0.79
-0.50  0.21  0.53
0.07  0.39  0.79
0.07  0.15  0.63
-1.52  -0.04  0.42
-1.30  0.47  0.66
-0.82  0.27  0.68
-1.52  -0.04  0.42
-0.82  0.27  0.68
-1.11  -0.09  0.33
-1.11  -0.09  0.33
-0.82  0.27  0.68
-0.50  0.21  0.53
-1.11  -0.09  0.33
-0.50  0.21  0.53
-0.61  -0.24  0.35
-0.82  0.27  0.68
-0.62  0.70  0.93
-0.25  0.52  0.87
-0.82  0.27  0.68
-0.25  0.52  0.87
-0.50  0.21  0.53
-1.30  0.47  0.66
-0.93  0.82  1.06
-0.62  0.70  0.93
-1.30  0.47  0.66
-0.62  0.70  0.93
-0.82  0.27  0.68
-0.06  -1.00  -0.56
-0.03  -0.61  -0.36
0.58  -0.66  -0.26
-0.06  -1.00  -0.56
0.58  -0.66  -0.26
0.35  -1.00  -0.77
0.35  -1.00  -0.77
0.58  -0.66  -0.26
1.02  -0.63  -0.32
0.35  -1.00  -0.77
1.02  -0.63  -0.32
1.01  -1.00  -0.74
0.58  -0.66  -0.26
0.58  -0.30  0.04
1.14  -0.38  0.22
0.58  -0.66  -0.26
1.14  -0.38  0.22
1.02  -0.63  -0.32
-0.03  -0.61  -0.36
0.14  -0.34  -0.04
0.58  -0.30  0.04
-0.03  -0.61  -0.36
0.58  -0.30  0.04
0.58  -0.66  -0.26
1.01  -1.00  -0.74
1.02  -0.63  -0.32
1.99  -0.51  0.09
1.01  -1.00  -0.74
1.99  -0.51  0.09
2.15  -1.00  -0.52
2.15  -1.00  -0.52
1.99  -0.51  0.09
2.75  -0.48  0.20
2.15  -1.00  -0.52
2.75  -0.48  0.20
3.00  -1.00  0.00
1.99  -0.51  0.09
1.69  -0.12  0.27
2.42  -0.04  0.49
1.99  -0.51  0.09
2.42  -0.04  0.49
2.75  -0.48  0.20
1.02  -0.63  -0.32
1.14  -0.38  0.22
1.69  -0.12  0.27
1.02  -0.63  -0.32
1.69  -0.12  0.27
1.99  -0.51  0.09
1.14  -0.38  0.22
1.00  0.15  0.46
1.54  0.23  0.66
1.14  -0.38  0.22
1.54  0.23  0.66
1.69  -0.12  0.27
1.69  -0.12  0.27
1.54  0.23  0.66
2.05  0.41  0.76
1.69  -0.12  0.27
2.05  0.41  0.76
2.42  -0.04  0.49
1.54  0.23  0.66
1.25  0.72  0.92
1.61  0.80  1.10
1.54  0.23  0.66
1.61  0.80  1.10
2.05  0.41  0.76
1.00  0.15  0.46
1.00  0.53  0.84
1.25  0.72  0.92
1.00  0.15  0.46
1.25  0.72  0.92
1.54  0.23  0.66
0.14  -0.34  -0.04
0.27  -0.05  0.35
0.75  0.05  0.52
0.14  -0.34  -0.04
0.75  0.05  0.52
0.58  -0.30  0.04
0.58  -0.30  0.04
0.75  0.05  0.52
1.00  0.15  0.46
0.58  -0.30  0.04
1.00  0.15  0.46
1.14  -0.38  0.22
0.75  0.05  0.52
0.71  0.39  0.79
1.00  0.53  0.84
0.75  0.05  0.52
1.00  0.53  0.84
1.00  0.15  0.46
0.27  -0.05  0.35
0.51  0.15  0.83
0.71  0.39  0.79
0.27  -0.05  0.35
0.71  0.39  0.79
0.75  0.05  0.52
-0.93  0.82  1.06
-0.61  1.27  1.37
-0.22  1.04  1.29
-0.93  0.82  1.06
-0.22  1.04  1.29
-0.62  0.70  0.93
-0.62  0.70  0.93
-0.22  1.04  1.29
-0.02  0.80  1.01
-0.62  0.70  0.93
-0.02  0.80  1.01
-0.25  0.52  0.87
-0.22  1.04  1.29
0.02  1.33  1.48
0.33  0.96  1.27
-0.22  1.04  1.29
0.33  0.96  1.27
-0.02  0.80  1.01
-0.61  1.27  1.37
-0.22  1.65  1.75
0.02  1.33  1.48
-0.61  1.27  1.37
0.02  1.33  1.48
-0.22  1.04  1.29
-0.25  0.52  0.87
-0.02  0.80  1.01
0.44  0.58  0.99
-0.25  0.52  0.87
0.44  0.58  0.99
0.07  0.39  0.79
0.07  0.39  0.79
0.44  0.58  0.99
0.71  0.39  0.79
0.07  0.39  0.79
0.71  0.39  0.79
0.51  0.15  0.83
0.44  0.58  0.99
0.61  0.80  1.00
1.00  0.53  0.84
0.44  0.58  0.99
1.00  0.53  0.84
0.71  0.39  0.79
-0.02  0.80  1.01
0.33  0.96  1.27
0.61  0.80  1.00
-0.02  0.80  1.01
0.61  0.80  1.00
0.44  0.58  0.99
0.33  0.96  1.27
0.62  1.37  1.41
1.04  1.07  1.27
0.33  0.96  1.27
1.04  1.07  1.27
0.61  0.80  1.00
0.61  0.80  1.00
1.04  1.07  1.27
1.25  0.72  0.92
0.61  0.80  1.00
1.25  0.72  0.92
1.00  0.53  0.84
1.04  1.07  1.27
1.19  1.36  1.25
1.61  0.80  1.10
1.04  1.07  1.27
1.61  0.80  1.10
1.25  0.72  0.92
0.62  1.37  1.41
0.97  1.72  1.60
1.19  1.36  1.25
0.62  1.37  1.41
1.19  1.36  1.25
1.04  1.07  1.27
-0.22  1.65  1.75
0.09  2.10  2.07
0.49  1.79  1.87
-0.22  1.65  1.75
0.49  1.79  1.87
0.02  1.33  1.48
0.02  1.33  1.48
0.49  1.79  1.87
0.62  1.37  1.41
0.02  1.33  1.48
0.62  1.37  1.41
0.33  0.96  1.27
0.49  1.79  1.87
0.70  2.12  2.01
0.97  1.72  1.60
0.49  1.79  1.87
0.97  1.72  1.60
0.62  1.37  1.41
0.09  2.10  2.07
0.52  2.45  2.49
0.70  2.12  2.01
0.09  2.10  2.07
0.70  2.12  2.01
0.49  1.79  1.87
3.00  -1.00  0.00
2.75  -0.48  0.20
2.79  -0.60  0.66
3.00  -1.00  0.00
2.79  -0.60  0.66
3.32  -1.00  0.30
3.32  -1.00  0.30
2.79  -0.60  0.66
2.96  -0.59  1.07
3.32  -1.00  0.30
2.96  -0.59  1.07
3.34  -1.00  0.91
2.79  -0.60  0.66
2.48  -0.13  0.88
2.48  -0.27  1.32
2.79  -0.60  0.66
2.48  -0.27  1.32
2.96  -0.59  1.07
2.75  -0.48  0.20
2.42  -0.04  0.49
2.48  -0.13  0.88
2.75  -0.48  0.20
2.48  -0.13  0.88
2.79  -0.60  0.66
3.34  -1.00  0.91
2.96  -0.59  1.07
2.93  -0.67  1.66
3.34  -1.00  0.91
2.93  -0.67  1.66
3.43  -1.00  1.44
3.43  -1.00  1.44
2.93  -0.67  1.66
3.03  -0.64  2.16
3.43  -1.00  1.44
3.03  -0.64  2.16
3.21  -1.00  2.29
2.93  -0.67  1.66
2.65  -0.29  1.69
2.74  -0.37  2.14
2.93  -0.67  1.66
2.74  -0.37  2.14
3.03  -0.64  2.16
2.96  -0.59  1.07
2.48  -0.27  1.32
2.65  -0.29  1.69
2.96  -0.59  1.07
2.65  -0.29  1.69
2.93  -0.67  1.66
2.48  -0.27  1.32
2.18  0.18  1.34
2.33  0.05  1.74
2.48  -0.27  1.32
2.33  0.05  1.74
2.65  -0.29  1.69
2.65  -0.29  1.69
2.33  0.05  1.74
2.51  -0.04  2.05
2.65  -0.29  1.69
2.51  -0.04  2.05
2.74  -0.37  2.14
2.33  0.05  1.74
2.06  0.44  1.68
2.21  0.22  2.03
2.33  0.05  1.74
2.21  0.22  2.03
2.51  -0.04  2.05
2.18  0.18  1.34
1.84  0.58  1.42
2.06  0.44  1.68
2.18  0.18  1.34
2.06  0.44  1.68
2.33  0.05  1.74
2.42  -0.04  0.49
2.05  0.41  0.76
2.18  0.36  1.18
2.42  -0.04  0.49
2.18  0.36  1.18
2.48  -0.13  0.88
2.48  -0.13  0.88
2.18  0.36  1.18
2.18  0.18  1.34
2.48  -0.13  0.88
2.18  0.18  1.34
2.48  -0.27  1.32
2.18  0.36  1.18
1.68  0.74  1.21
1.84  0.58  1.42
2.18  0.36  1.18
1.84  0.58  1.42
2.18  0.18  1.34
2.05  0.41  0.76
1.61  0.80  1.10
1.68  0.74  1.21
2.05  0.41  0.76
1.68  0.74  1.21
2.18  0.36  1.18
3.21  -1.00  2.29
3.03  -0.64  2.16
3.07  -0.54  2.90
3.21  -1.00  2.29
3.07  -0.54  2.90
3.38  -1.00  2.75
3.38  -1.00  2.75
3.07  -0.54  2.90
2.98  -0.57  3.36
3.38  -1.00  2.75
2.98  -0.57  3.36
3.32  -1.00  3.43
3.07  -0.54  2.90
2.73  -0.22  2.68
2.60  -0.18  3.32
3.07  -0.54  2.90
2.60  -0.18  3.32
2.98  -0.57  3.36
3.03  -0.64  2.16
2.74  -0.37  2.14
2.73  -0.22  2.68
3.03  -0.64  2.16
2.73  -0.22  2.68
3.07  -0.54  2.90
3.32  -1.00  3.43
2.98  -0.57  3.36
2.89  -0.52  4.08
3.32  -1.00  3.43
2.89  -0.52  4.08
3.32  -1.00  4.38
3.32  -1.00  4.38
2.89  -0.52  4.08
2.83  -0.45  4.78
3.32  -1.00  4.38
2.83  -0.45  4.78
3.00  -1.00  5.00
2.89  -0.52  4.08
2.63  -0.04  3.81
2.53  -0.03  4.43
2.89  -0.52  4.08
2.53  -0.03  4.43
2.83  -0.45  4.78
2.98  -0.57  3.36
2.60  -0.18  3.32
2.63  -0.04  3.81
2.98  -0.57  3.36
2.63  -0.04  3.81
2.89  -0.52  4.08
2.60  -0.18  3.32
2.27  0.19  3.02
2.26  0.35  3.63
2.60  -0.18  3.32
2.26  0.35  3.63
2.63  -0.04  3.81
2.63  -0.04  3.81
2.26  0.35  3.63
2.18  0.43  4.12
2.63  -0.04  3.81
2.18  0.43  4.12
2.53  -0.03  4.43
2.26  0.35  3.63
1.77  0.68  3.19
1.69  0.76  3.68
2.26  0.35  3.63
1.69  0.76  3.68
2.18  0.43  4.12
2.27  0.19  3.02
1.90  0.54  2.75
1.77  0.68  3.19
2.27  0.19  3.02
1.77  0.68  3.19
2.26  0.35  3.63
2.74  -0.37  2.14
2.51  -0.04  2.05
2.36  0.05  2.56
2.74  -0.37  2.14
2.36  0.05  2.56
2.73  -0.22  2.68
2.73  -0.22  2.68
2.36  0.05  2.56
2.27  0.19  3.02
2.73  -0.22  2.68
2.27  0.19  3.02
2.60  -0.18  3.32
2.36  0.05  2.56
2.10  0.42  2.34
1.90  0.54  2.75
2.36  0.05  2.56
1.90  0.54  2.75
2.27  0.19  3.02
2.51  -0.04  2.05
2.21  0.22  2.03
2.10  0.42  2.34
2.51  -0.04  2.05
2.10  0.42  2.34
2.36  0.05  2.56
1.61  0.80  1.10
1.19  1.36  1.25
1.59  1.15  1.72
1.61  0.80  1.10
1.59  1.15  1.72
1.68  0.74  1.21
1.68  0.74  1.21
1.59  1.15  1.72
1.65  0.94  1.85
1.68  0.74  1.21
1.65  0.94  1.85
1.84  0.58  1.42
1.59  1.15  1.72
1.25  1.48  1.98
1.61  1.16  2.43
1.59  1.15  1.72
1.61  1.16  2.43
1.65  0.94  1.85
1.19  1.36  1.25
0.97  1.72  1.60
1.25  1.48  1.98
1.19  1.36  1.25
1.25  1.48  1.98
1.59  1.15  1.72
1.84  0.58  1.42
1.65  0.94  1.85
1.95  0.69  2.22
1.84  0.58  1.42
1.95  0.69  2.22
2.06  0.44  1.68
2.06  0.44  1.68
1.95  0.69  2.22
2.10  0.42  2.34
2.06  0.44  1.68
2.10  0.42  2.34
2.21  0.22  2.03
1.95  0.69  2.22
1.71  0.90  2.54
1.90  0.54  2.75
1.95  0.69  2.22
1.90  0.54  2.75
2.10  0.42  2.34
1.65  0.94  1.85
1.61  1.16  2.43
1.71  0.90  2.54
1.65  0.94  1.85
1.71  0.90  2.54
1.95  0.69  2.22
1.61  1.16  2.43
1.28  1.46  2.64
1.61  1.08  3.00
1.61  1.16  2.43
1.61  1.08  3.00
1.71  0.90  2.54
1.71  0.90  2.54
1.61  1.08  3.00
1.77  0.68  3.19
1.71  0.90  2.54
1.77  0.68  3.19
1.90  0.54  2.75
1.61  1.08  3.00
1.33  1.25  3.28
1.69  0.76  3.68
1.61  1.08  3.00
1.69  0.76  3.68
1.77  0.68  3.19
1.28  1.46  2.64
1.04  1.67  2.95
1.33  1.25  3.28
1.28  1.46  2.64
1.33  1.25  3.28
1.61  1.08  3.00
0.97  1.72  1.60
0.70  2.12  2.01
1.14  1.86  2.48
0.97  1.72  1.60
1.14  1.86  2.48
1.25  1.48  1.98
1.25  1.48  1.98
1.14  1.86  2.48
1.28  1.46  2.64
1.25  1.48  1.98
1.28  1.46  2.64
1.61  1.16  2.43
1.14  1.86  2.48
0.75  2.09  2.69
1.04  1.67  2.95
1.14  1.86  2.48
1.04  1.67  2.95
1.28  1.46  2.64
0.70  2.12  2.01
0.52  2.45  2.49
0.75  2.09  2.69
0.70  2.12  2.01
0.75  2.09  2.69
1.14  1.86  2.48
3.00  -1.00  5.00
2.83  -0.45  4.78
1.97  -0.51  5.03
3.00  -1.00  5.00
1.97  -0.51  5.03
2.12  -1.00  5.42
2.12  -1.00  5.42
1.97  -0.51  5.03
1.00  -0.44  5.40
2.12  -1.00  5.42
1.00  -0.44  5.40
1.08  -1.00  5.67
1.97  -0.51  5.03
1.81  -0.03  4.70
1.17  -0.12  4.89
1.97  -0.51  5.03
1.17  -0.12  4.89
1.00  -0.44  5.40
2.83  -0.45  4.78
2.53  -0.03  4.43
1.81  -0.03  4.70
2.83  -0.45  4.78
1.81  -0.03  4.70
1.97  -0.51  5.03
1.08  -1.00  5.67
1.00  -0.44  5.40
0.32  -0.60  5.50
1.08  -1.00  5.67
0.32  -0.60  5.50
0.18  -1.00  5.95
0.18  -1.00  5.95
0.32  -0.60  5.50
-0.49  -0.66  5.71
0.18  -1.00  5.95
-0.49  -0.66  5.71
-0.62  -1.00  6.12
0.32  -0.60  5.50
0.32  -0.14  5.17
-0.36  -0.33  5.29
0.32  -0.60  5.50
-0.36  -0.33  5.29
-0.49  -0.66  5.71
1.00  -0.44  5.40
1.17  -0.12  4.89
0.32  -0.14  5.17
1.00  -0.44  5.40
0.32  -0.14  5.17
0.32  -0.60  5.50
1.17  -0.12  4.89
0.99  0.22  4.43
0.45  0.10  4.60
1.17  -0.12  4.89
0.45  0.10  4.60
0.32  -0.14  5.17
0.32  -0.14  5.17
0.45  0.10  4.60
-0.23  0.01  4.81
0.32  -0.14  5.17
-0.23  0.01  4.81
-0.36  -0.33  5.29
0.45  0.10  4.60
0.37  0.43  4.14
0.04  0.22  4.20
0.45  0.10  4.60
0.04  0.22  4.20
-0.23  0.01  4.81
0.99  0.22  4.43
0.86  0.50  3.93
0.37  0.43  4.14
0.99  0.22  4.43
0.37  0.43  4.14
0.45  0.10  4.60
2.53  -0.03  4.43
2.18  0.43  4.12
1.61  0.32  4.28
2.53  -0.03  4.43
1.61  0.32  4.28
1.81  -0.03  4.70
1.81  -0.03  4.70
1.61  0.32  4.28
0.99  0.22  4.43
1.81  -0.03  4.70
0.99  0.22  4.43
1.17  -0.12  4.89
1.61  0.32  4.28
1.20  0.70  3.73
0.86  0.50  3.93
1.61  0.32  4.28
0.86  0.50  3.93
0.99  0.22  4.43
2.18  0.43  4.12
1.69  0.76  3.68
1.20  0.70  3.73
2.18  0.43  4.12
1.20  0.70  3.73
1.61  0.32  4.28
-0.62  -1.00  6.12
-0.49  -0.66  5.71
-0.75  -0.55  5.53
-0.62  -1.00  6.12
-0.75  -0.55  5.53
-1.15  -1.00  6.03
-1.15  -1.00  6.03
-0.75  -0.55  5.53
-1.24  -0.45  5.35
-1.15  -1.00  6.03
-1.24  -0.45  5.35
-1.44  -1.00  5.69
-0.75  -0.55  5.53
-0.62  -0.20  5.06
-0.82  -0.13  4.78
-0.75  -0.55  5.53
-0.82  -0.13  4.78
-1.24  -0.45  5.35
-0.49  -0.66  5.71
-0.36  -0.33  5.29
-0.62  -0.20  5.06
-0.49  -0.66  5.71
-0.62  -0.20  5.06
-0.75  -0.55  5.53
-1.44  -1.00  5.69
-1.24  -0.45  5.35
-1.40  -0.50  4.96
-1.44  -1.00  5.69
-1.40  -0.50  4.96
-1.82  -1.00  5.45
-1.82  -1.00  5.45
-1.40  -0.50  4.96
-1.79  -0.50  4.62
-1.82  -1.00  5.45
-1.79  -0.50  4.62
-2.00  -1.00  5.00
-1.40  -0.50  4.96
-1.24  -0.03  4.55
-1.53  -0.06  4.19
-1.40  -0.50  4.96
-1.53  -0.06  4.19
-1.79  -0.50  4.62
-1.24  -0.45  5.35
-0.82  -0.13  4.78
-1.24  -0.03  4.55
-1.24  -0.45  5.35
-1.24  -0.03  4.55
-1.40  -0.50  4.96
-0.82  -0.13  4.78
-0.81  0.35  4.34
-0.96  0.37  4.06
-0.82  -0.13  4.78
-0.96  0.37  4.06
-1.24  -0.03  4.55
-1.24  -0.03  4.55
-0.96  0.37  4.06
-1.35  0.46  3.76
-1.24  -0.03  4.55
-1.35  0.46  3.76
-1.53  -0.06  4.19
-0.96  0.37  4.06
-0.88  0.81  3.50
-1.07  0.89  3.41
-0.96  0.37  4.06
-1.07  0.89  3.41
-1.35  0.46  3.76
-0.81  0.35  4.34
-0.58  0.61  3.69
-0.88  0.81  3.50
-0.81  0.35  4.34
-0.88  0.81  3.50
-0.96  0.37  4.06
-0.36  -0.33  5.29
-0.23  0.01  4.81
-0.40  0.13  4.52
-0.36  -0.33  5.29
-0.40  0.13  4.52
-0.62  -0.20  5.06
-0.62  -0.20  5.06
-0.40  0.13  4.52
-0.81  0.35  4.34
-0.62  -0.20  5.06
-0.81  0.35  4.34
-0.82  -0.13  4.78
-0.40  0.13  4.52
-0.31  0.46  3.90
-0.58  0.61  3.69
-0.40  0.13  4.52
-0.58  0.61  3.69
-0.81  0.35  4.34
-0.23  0.01  4.81
0.04  0.22  4.20
-0.31  0.46  3.90
-0.23  0.01  4.81
-0.31  0.46  3.90
-0.40  0.13  4.52
1.69  0.76  3.68
1.33  1.25  3.28
1.04  1.07  3.57
1.69  0.76  3.68
1.04  1.07  3.57
1.20  0.70  3.73
1.20  0.70  3.73
1.04  1.07  3.57
0.56  0.84  3.68
1.20  0.70  3.73
0.56  0.84  3.68
0.86  0.50  3.93
1.04  1.07  3.57
0.67  1.42  3.20
0.34  1.13  3.49
1.04  1.07  3.57
0.34  1.13  3.49
0.56  0.84  3.68
1.33  1.25  3.28
1.04  1.67  2.95
0.67  1.42  3.20
1.33  1.25  3.28
0.67  1.42  3.20
1.04  1.07  3.57
0.86  0.50  3.93
0.56  0.84  3.68
0.21  0.66  3.88
0.86  0.50  3.93
0.21  0.66  3.88
0.37  0.43  4.14
0.37  0.43  4.14
0.21  0.66  3.88
-0.31  0.46  3.90
0.37  0.43  4.14
-0.31  0.46  3.90
0.04  0.22  4.20
0.21  0.66  3.88
-0.16  0.91  3.55
-0.58  0.61  3.69
0.21  0.66  3.88
-0.58  0.61  3.69
-0.31  0.46  3.90
0.56  0.84  3.68
0.34  1.13  3.49
-0.16  0.91  3.55
0.56  0.84  3.68
-0.16  0.91  3.55
0.21  0.66  3.88
0.34  1.13  3.49
-0.05  1.48  3.10
-0.33  1.18  3.44
0.34  1.13  3.49
-0.33  1.18  3.44
-0.16  0.91  3.55
-0.16  0.91  3.55
-0.33  1.18  3.44
-0.88  0.81  3.50
-0.16  0.91  3.55
-0.88  0.81  3.50
-0.58  0.61  3.69
-0.33  1.18  3.44
-0.75  1.35  3.08
-1.07  0.89  3.41
-0.33  1.18  3.44
-1.07  0.89  3.41
-0.88  0.81  3.50
-0.05  1.48  3.10
-0.35  1.74  2.81
-0.75  1.35  3.08
-0.05  1.48  3.10
-0.75  1.35  3.08
-0.33  1.18  3.44
1.04  1.67  2.95
0.75  2.09  2.69
0.34  1.71  2.89
1.04  1.67  2.95
0.34  1.71  2.89
0.67  1.42  3.20
0.67  1.42  3.20
0.34  1.71  2.89
-0.05  1.48  3.10
0.67  1.42  3.20
-0.05  1.48  3.10
0.34  1.13  3.49
0.34  1.71  2.89
0.05  2.13  2.62
-0.35  1.74  2.81
0.34  1.71  2.89
-0.35  1.74  2.81
-0.05  1.48  3.10
0.75  2.09  2.69
0.52  2.45  2.49
0.05  2.13  2.62
0.75  2.09  2.69
0.05  2.13  2.62
0.34  1.71  2.89
-2.00  -1.00  5.00
-1.79  -0.50  4.62
-1.86  -0.47  3.99
-2.00  -1.00  5.00
-1.86  -0.47  3.99
-2.45  -1.00  4.25
-2.45  -1.00  4.25
-1.86  -0.47  3.99
-2.15  -0.55  3.18
-2.45  -1.00  4.25
-2.15  -0.55  3.18
-2.58  -1.00  3.17
-1.86  -0.47  3.99
-1.62  -0.08  3.70
-1.64  -0.16  3.27
-1.86  -0.47  3.99
-1.64  -0.16  3.27
-2.15  -0.55  3.18
-1.79  -0.50  4.62
-1.53  -0.06  4.19
-1.62  -0.08  3.70
-1.79  -0.50  4.62
-1.62  -0.08  3.70
-1.86  -0.47  3.99
-2.58  -1.00  3.17
-2.15  -0.55  3.18
-2.10  -0.53  2.70
-2.58  -1.00  3.17
-2.10  -0.53  2.70
-2.65  -1.00  2.48
-2.65  -1.00  2.48
-2.10  -0.53  2.70
-2.34  -0.64  1.92
-2.65  -1.00  2.48
-2.34  -0.64  1.92
-2.64  -1.00  1.86
-2.10  -0.53  2.70
-1.83  -0.23  2.64
-1.95  -0.37  2.07
-2.10  -0.53  2.70
-1.95  -0.37  2.07
-2.34  -0.64  1.92
-2.15  -0.55  3.18
-1.64  -0.16  3.27
-1.83  -0.23  2.64
-2.15  -0.55  3.18
-1.83  -0.23  2.64
-2.10  -0.53  2.70
-1.64  -0.16  3.27
-1.43  0.23  3.04
-1.44  0.09  2.72
-1.64  -0.16  3.27
-1.44  0.09  2.72
-1.83  -0.23  2.64
-1.83  -0.23  2.64
-1.44  0.09  2.72
-1.64  -0.03  2.20
-1.83  -0.23  2.64
-1.64  -0.03  2.20
-1.95  -0.37  2.07
-1.44  0.09  2.72
-1.21  0.40  2.64
-1.16  0.15  2.50
-1.44  0.09  2.72
-1.16  0.15  2.50
-1.64  -0.03  2.20
-1.43  0.23  3.04
-1.16  0.57  2.86
-1.21  0.40  2.64
-1.43  0.23  3.04
-1.21  0.40  2.64
-1.44  0.09  2.72
-1.53  -0.06  4.19
-1.35  0.46  3.76
-1.33  0.33  3.46
-1.53  -0.06  4.19
-1.33  0.33  3.46
-1.62  -0.08  3.70
-1.62  -0.08  3.70
-1.33  0.33  3.46
-1.43  0.23  3.04
-1.62  -0.08  3.70
-1.43  0.23  3.04
-1.64  -0.16  3.27
-1.33  0.33  3.46
-1.16  0.77  3.09
-1.16  0.57  2.86
-1.33  0.33  3.46
-1.16  0.57  2.86
-1.43  0.23  3.04
-1.35  0.46  3.76
-1.07  0.89  3.41
-1.16  0.77  3.09
-1.35  0.46  3.76
-1.16  0.77  3.09
-1.33  0.33  3.46
-2.64  -1.00  1.86
-2.34  -0.64  1.92
-2.20  -0.60  1.51
-2.64  -1.00  1.86
-2.20  -0.60  1.51
-2.76  -1.00  1.11
-2.76  -1.00  1.11
-2.20  -0.60  1.51
-2.23  -0.59  0.91
-2.76  -1.00  1.11
-2.23  -0.59  0.91
-2.74  -1.00  0.51
-2.20  -0.60  1.51
-1.87  -0.25  1.66
-1.66  -0.24  1.37
-2.20  -0.60  1.51
-1.66  -0.24  1.37
-2.23  -0.59  0.91
-2.34  -0.64  1.92
-1.95  -0.37  2.07
-1.87  -0.25  1.66
-2.34  -0.64  1.92
-1.87  -0.25  1.66
-2.20  -0.60  1.51
-2.74  -1.00  0.51
-2.23  -0.59  0.91
-1.91  -0.50  0.65
-2.74  -1.00  0.51
-1.91  -0.50  0.65
-2.52  -1.00  0.10
-2.52  -1.00  0.10
-1.91  -0.50  0.65
-1.80  -0.48  0.17
-2.52  -1.00  0.10
-1.80  -0.48  0.17
-2.00  -1.00  0.00
-1.91  -0.50  0.65
-1.64  -0.09  0.85
-1.52  -0.04  0.42
-1.91  -0.50  0.65
-1.52  -0.04  0.42
-1.80  -0.48  0.17
-2.23  -0.59  0.91
-1.66  -0.24  1.37
-1.64  -0.09  0.85
-2.23  -0.59  0.91
-1.64  -0.09  0.85
-1.91  -0.50  0.65
-1.66  -0.24  1.37
-1.42  0.19  1.49
-1.34  0.23  1.10
-1.66  -0.24  1.37
-1.34  0.23  1.10
-1.64  -0.09  0.85
-1.64  -0.09  0.85
-1.34  0.23  1.10
-1.30  0.47  0.66
-1.64  -0.09  0.85
-1.30  0.47  0.66
-1.52  -0.04  0.42
-1.34  0.23  1.10
-1.04  0.70  1.35
-0.93  0.82  1.06
-1.34  0.23  1.10
-0.93  0.82  1.06
-1.30  0.47  0.66
-1.42  0.19  1.49
-1.09  0.53  1.69
-1.04  0.70  1.35
-1.42  0.19  1.49
-1.04  0.70  1.35
-1.34  0.23  1.10
-1.95  -0.37  2.07
-1.64  -0.03  2.20
-1.42  0.06  1.95
-1.95  -0.37  2.07
-1.42  0.06  1.95
-1.87  -0.25  1.66
-1.87  -0.25  1.66
-1.42  0.06  1.95
-1.42  0.19  1.49
-1.87  -0.25  1.66
-1.42  0.19  1.49
-1.66  -0.24  1.37
-1.42  0.06  1.95
-1.17  0.38  2.05
-1.09  0.53  1.69
-1.42  0.06  1.95
-1.09  0.53  1.69
-1.42  0.19  1.49
-1.64  -0.03  2.20
-1.16  0.15  2.50
-1.17  0.38  2.05
-1.64  -0.03  2.20
-1.17  0.38  2.05
-1.42  0.06  1.95
-1.07  0.89  3.41
-0.75  1.35  3.08
-0.72  1.17  2.96
-1.07  0.89  3.41
-0.72  1.17  2.96
-1.16  0.77  3.09
-1.16  0.77  3.09
-0.72  1.17  2.96
-0.91  0.92  2.62
-1.16  0.77  3.09
-0.91  0.92  2.62
-1.16  0.57  2.86
-0.72  1.17  2.96
-0.51  1.52  2.58
-0.56  1.18  2.47
-0.72  1.17  2.96
-0.56  1.18  2.47
-0.91  0.92  2.62
-0.75  1.35  3.08
-0.35  1.74  2.81
-0.51  1.52  2.58
-0.75  1.35  3.08
-0.51  1.52  2.58
-0.72  1.17  2.96
-1.16  0.57  2.86
-0.91  0.92  2.62
-0.96  0.64  2.42
-1.16  0.57  2.86
-0.96  0.64  2.42
-1.21  0.40  2.64
-1.21  0.40  2.64
-0.96  0.64  2.42
-1.17  0.38  2.05
-1.21  0.40  2.64
-1.17  0.38  2.05
-1.16  0.15  2.50
-0.96  0.64  2.42
-0.86  0.90  2.04
-1.09  0.53  1.69
-0.96  0.64  2.42
-1.09  0.53  1.69
-1.17  0.38  2.05
-0.91  0.92  2.62
-0.56  1.18  2.47
-0.86  0.90  2.04
-0.91  0.92  2.62
-0.86  0.90  2.04
-0.96  0.64  2.42
-0.56  1.18  2.47
-0.44  1.47  2.05
-0.70  1.04  1.74
-0.56  1.18  2.47
-0.70  1.04  1.74
-0.86  0.90  2.04
-0.86  0.90  2.04
-0.70  1.04  1.74
-1.04  0.70  1.35
-0.86  0.90  2.04
-1.04  0.70  1.35
-1.09  0.53  1.69
-0.70  1.04  1.74
-0.61  1.27  1.37
-0.93  0.82  1.06
-0.70  1.04  1.74
-0.93  0.82  1.06
-1.04  0.70  1.35
-0.44  1.47  2.05
-0.22  1.65  1.75
-0.61  1.27  1.37
-0.44  1.47  2.05
-0.61  1.27  1.37
-0.70  1.04  1.74
-0.35  1.74  2.81
0.05  2.13  2.62
-0.07  1.84  2.46
-0.35  1.74  2.81
-0.07  1.84  2.46
-0.51  1.52  2.58
-0.51  1.52  2.58
-0.07  1.84  2.46
-0.44  1.47  2.05
-0.51  1.52  2.58
-0.44  1.47  2.05
-0.56  1.18  2.47
-0.07  1.84  2.46
0.09  2.10  2.07
-0.22  1.65  1.75
-0.07  1.84  2.46
-0.22  1.65  1.75
-0.44  1.47  2.05
0.05  2.13  2.62
0.52  2.45  2.49
0.09  2.10  2.07
0.05  2.13  2.62
0.09  2.10  2.07
-0.07  1.84  2.46
