0.00 0.00
0.04 0.03
0.13 0.02
0.00 0.00
0.13 0.02
0.04 -0.06
0.04 -0.06
0.13 0.02
0.18 -0.03
0.04 -0.06
0.18 -0.03
0.13 -0.09
0.13 0.02
0.16 0.05
0.26 0.06
0.13 0.02
0.26 0.06
0.18 -0.03
0.04 0.03
0.09 0.07
0.16 0.05
0.04 0.03
0.16 0.05
0.13 0.02
0.13 -0.09
0.18 -0.03
0.29 -0.03
0.13 -0.09
0.29 -0.03
0.22 -0.11
0.22 -0.11
0.29 -0.03
0.36 -0.06
0.22 -0.11
0.36 -0.06
0.36 -0.09
0.29 -0.03
0.31 0.02
0.39 -0.01
0.29 -0.03
0.39 -0.01
0.36 -0.06
0.18 -0.03
0.26 0.06
0.31 0.02
0.18 -0.03
0.31 0.02
0.29 -0.03
0.26 0.06
0.28 0.09
0.38 0.10
0.26 0.06
0.38 0.10
0.31 0.02
0.31 0.02
0.38 0.10
0.42 0.06
0.31 0.02
0.42 0.06
0.39 -0.01
0.38 0.10
0.38 0.13
0.46 0.14
0.38 0.10
0.46 0.14
0.42 0.06
0.28 0.09
0.32 0.14
0.38 0.13
0.28 0.09
0.38 0.13
0.38 0.10
0.09 0.07
0.13 0.11
0.22 0.11
0.09 0.07
0.22 0.11
0.16 0.05
0.16 0.05
0.22 0.11
0.28 0.09
0.16 0.05
0.28 0.09
0.26 0.06
0.22 0.11
0.25 0.15
0.32 0.14
0.22 0.11
0.32 0.14
0.28 0.09
0.13 0.11
0.20 0.17
0.25 0.15
0.13 0.11
0.25 0.15
0.22 0.11
0.36 -0.09
0.36 -0.06
0.47 -0.04
0.36 -0.09
0.47 -0.04
0.43 -0.13
0.43 -0.13
0.47 -0.04
0.56 -0.05
0.43 -0.13
0.56 -0.05
0.55 -0.12
0.47 -0.04
0.48 0.01
0.58 0.04
0.47 -0.04
0.58 0.04
0.56 -0.05
0.36 -0.06
0.39 -0.01
0.48 0.01
0.36 -0.06
0.48 0.01
0.47 -0.04
0.55 -0.12
0.56 -0.05
0.73 0.01
0.55 -0.12
0.73 0.01
0.76 -0.08
0.76 -0.08
0.73 0.01
0.87 0.03
0.76 -0.08
0.87 0.03
0.92 0.00
0.73 0.01
0.68 0.04
0.81 0.08
0.73 0.01
0.81 0.08
0.87 0.03
0.56 -0.05
0.58 0.04
0.68 0.04
0.56 -0.05
0.68 0.04
0.73 0.01
0.58 0.04
0.55 0.08
0.65 0.11
0.58 0.04
0.65 0.11
0.68 0.04
0.68 0.04
0.65 0.11
0.74 0.12
0.68 0.04
0.74 0.12
0.81 0.08
0.65 0.11
0.60 0.15
0.66 0.18
0.65 0.11
0.66 0.18
0.74 0.12
0.55 0.08
0.55 0.14
0.60 0.15
0.55 0.08
0.60 0.15
0.65 0.11
0.39 -0.01
0.42 0.06
0.51 0.08
0.39 -0.01
0.51 0.08
0.48 0.01
0.48 0.01
0.51 0.08
0.55 0.08
0.48 0.01
0.55 0.08
0.58 0.04
0.51 0.08
0.50 0.13
0.55 0.14
0.51 0.08
0.55 0.14
0.55 0.08
0.42 0.06
0.46 0.14
0.50 0.13
0.42 0.06
0.50 0.13
0.51 0.08
0.20 0.17
0.26 0.22
0.33 0.21
0.20 0.17
0.33 0.21
0.25 0.15
0.25 0.15
0.33 0.21
0.36 0.16
0.25 0.15
0.36 0.16
0.32 0.14
0.33 0.21
0.37 0.24
0.43 0.21
0.33 0.21
0.43 0.21
0.36 0.16
0.26 0.22
0.33 0.29
0.37 0.24
0.26 0.22
0.37 0.24
0.33 0.21
0.32 0.14
0.36 0.16
0.45 0.16
0.32 0.14
0.45 0.16
0.38 0.13
0.38 0.13
0.45 0.16
0.50 0.13
0.38 0.13
0.50 0.13
0.46 0.14
0.45 0.16
0.48 0.16
0.55 0.14
0.45 0.16
0.55 0.14
0.50 0.13
0.36 0.16
0.43 0.21
0.48 0.16
0.36 0.16
0.48 0.16
0.45 0.16
0.43 0.21
0.48 0.23
0.56 0.21
0.43 0.21
0.56 0.21
0.48 0.16
0.48 0.16
0.56 0.21
0.60 0.15
0.48 0.16
0.60 0.15
0.55 0.14
0.56 0.21
0.59 0.20
0.66 0.18
0.56 0.21
0.66 0.18
0.60 0.15
0.48 0.23
0.55 0.26
0.59 0.20
0.48 0.23
0.59 0.20
0.56 0.21
0.33 0.29
0.39 0.34
0.46 0.31
0.33 0.29
0.46 0.31
0.37 0.24
0.37 0.24
0.46 0.31
0.48 0.23
0.37 0.24
0.48 0.23
0.43 0.21
0.46 0.31
0.50 0.33
0.55 0.26
0.46 0.31
0.55 0.26
0.48 0.23
0.39 0.34
0.46 0.41
0.50 0.33
0.39 0.34
0.50 0.33
0.46 0.31
0.92 0.00
0.87 0.03
0.88 0.11
0.92 0.00
0.88 0.11
0.98 0.05
0.98 0.05
0.88 0.11
0.91 0.17
0.98 0.05
0.91 0.17
0.98 0.15
0.88 0.11
0.82 0.14
0.82 0.22
0.88 0.11
0.82 0.22
0.91 0.17
0.87 0.03
0.81 0.08
0.82 0.14
0.87 0.03
0.82 0.14
0.88 0.11
0.98 0.15
0.91 0.17
0.91 0.27
0.98 0.15
0.91 0.27
1.00 0.24
1.00 0.24
0.91 0.27
0.93 0.35
1.00 0.24
0.93 0.35
0.96 0.37
0.91 0.27
0.86 0.28
0.87 0.35
0.91 0.27
0.87 0.35
0.93 0.35
0.91 0.17
0.82 0.22
0.86 0.28
0.91 0.17
0.86 0.28
0.91 0.27
0.82 0.22
0.77 0.22
0.80 0.28
0.82 0.22
0.80 0.28
0.86 0.28
0.86 0.28
0.80 0.28
0.83 0.33
0.86 0.28
0.83 0.33
0.87 0.35
0.80 0.28
0.75 0.27
0.77 0.33
0.80 0.28
0.77 0.33
0.83 0.33
0.77 0.22
0.71 0.23
0.75 0.27
0.77 0.22
0.75 0.27
0.80 0.28
0.81 0.08
0.74 0.12
0.77 0.19
0.81 0.08
0.77 0.19
0.82 0.14
0.82 0.14
0.77 0.19
0.77 0.22
0.82 0.14
0.77 0.22
0.82 0.22
0.77 0.19
0.68 0.20
0.71 0.23
0.77 0.19
0.71 0.23
0.77 0.22
0.74 0.12
0.66 0.18
0.68 0.20
0.74 0.12
0.68 0.20
0.77 0.19
0.96 0.37
0.93 0.35
0.93 0.47
0.96 0.37
0.93 0.47
0.99 0.45
0.99 0.45
0.93 0.47
0.92 0.55
0.99 0.45
0.92 0.55
0.98 0.56
0.93 0.47
0.87 0.44
0.85 0.54
0.93 0.47
0.85 0.54
0.92 0.55
0.93 0.35
0.87 0.35
0.87 0.44
0.93 0.35
0.87 0.44
0.93 0.47
0.98 0.56
0.92 0.55
0.90 0.67
0.98 0.56
0.90 0.67
0.98 0.71
0.98 0.71
0.90 0.67
0.89 0.78
0.98 0.71
0.89 0.78
0.92 0.82
0.90 0.67
0.85 0.62
0.83 0.72
0.90 0.67
0.83 0.72
0.89 0.78
0.92 0.55
0.85 0.54
0.85 0.62
0.92 0.55
0.85 0.62
0.90 0.67
0.85 0.54
0.78 0.49
0.78 0.59
0.85 0.54
0.78 0.59
0.85 0.62
0.85 0.62
0.78 0.59
0.77 0.67
0.85 0.62
0.77 0.67
0.83 0.72
0.78 0.59
0.69 0.52
0.68 0.60
0.78 0.59
0.68 0.60
0.77 0.67
0.78 0.49
0.72 0.45
0.69 0.52
0.78 0.49
0.69 0.52
0.78 0.59
0.87 0.35
0.83 0.33
0.80 0.42
0.87 0.35
0.80 0.42
0.87 0.44
0.87 0.44
0.80 0.42
0.78 0.49
0.87 0.44
0.78 0.49
0.85 0.54
0.80 0.42
0.75 0.38
0.72 0.45
0.80 0.42
0.72 0.45
0.78 0.49
0.83 0.33
0.77 0.33
0.75 0.38
0.83 0.33
0.75 0.38
0.80 0.42
0.66 0.18
0.59 0.20
0.66 0.28
0.66 0.18
0.66 0.28
0.68 0.20
0.68 0.20
0.66 0.28
0.67 0.30
0.68 0.20
0.67 0.30
0.71 0.23
0.66 0.28
0.60 0.32
0.66 0.40
0.66 0.28
0.66 0.40
0.67 0.30
0.59 0.20
0.55 0.26
0.60 0.32
0.59 0.20
0.60 0.32
0.66 0.28
0.71 0.23
0.67 0.30
0.73 0.36
0.71 0.23
0.73 0.36
0.75 0.27
0.75 0.27
0.73 0.36
0.75 0.38
0.75 0.27
0.75 0.38
0.77 0.33
0.73 0.36
0.68 0.41
0.72 0.45
0.73 0.36
0.72 0.45
0.75 0.38
0.67 0.30
0.66 0.40
0.68 0.41
0.67 0.30
0.68 0.41
0.73 0.36
0.66 0.40
0.60 0.43
0.66 0.49
0.66 0.40
0.66 0.49
0.68 0.41
0.68 0.41
0.66 0.49
0.69 0.52
0.68 0.41
0.69 0.52
0.72 0.45
0.66 0.49
0.61 0.53
0.68 0.60
0.66 0.49
0.68 0.60
0.69 0.52
0.60 0.43
0.56 0.48
0.61 0.53
0.60 0.43
0.61 0.53
0.66 0.49
0.55 0.26
0.50 0.33
0.58 0.40
0.55 0.26
0.58 0.40
0.60 0.32
0.60 0.32
0.58 0.40
0.60 0.43
0.60 0.32
0.60 0.43
0.66 0.40
0.58 0.40
0.51 0.44
0.56 0.48
0.58 0.40
0.56 0.48
0.60 0.43
0.50 0.33
0.46 0.41
0.51 0.44
0.50 0.33
0.51 0.44
0.58 0.40
0.92 0.82
0.89 0.78
0.73 0.82
0.92 0.82
0.73 0.82
0.76 0.88
0.76 0.88
0.73 0.82
0.55 0.88
0.76 0.88
0.55 0.88
0.57 0.93
0.73 0.82
0.70 0.77
0.58 0.80
0.73 0.82
0.58 0.80
0.55 0.88
0.89 0.78
0.83 0.72
0.70 0.77
0.89 0.78
0.70 0.77
0.73 0.82
0.57 0.93
0.55 0.88
0.43 0.90
0.57 0.93
0.43 0.90
0.40 0.97
0.40 0.97
0.43 0.90
0.28 0.93
0.40 0.97
0.28 0.93
0.25 1.00
0.43 0.90
0.43 0.84
0.30 0.86
0.43 0.90
0.30 0.86
0.28 0.93
0.55 0.88
0.58 0.80
0.43 0.84
0.55 0.88
0.43 0.84
0.43 0.90
0.58 0.80
0.55 0.72
0.45 0.75
0.58 0.80
0.45 0.75
0.43 0.84
0.43 0.84
0.45 0.75
0.33 0.79
0.43 0.84
0.33 0.79
0.30 0.86
0.45 0.75
0.44 0.68
0.37 0.69
0.45 0.75
0.37 0.69
0.33 0.79
0.55 0.72
0.53 0.64
0.44 0.68
0.55 0.72
0.44 0.68
0.45 0.75
0.83 0.72
0.77 0.67
0.66 0.70
0.83 0.72
0.66 0.70
0.70 0.77
0.70 0.77
0.66 0.70
0.55 0.72
0.70 0.77
0.55 0.72
0.58 0.80
0.66 0.70
0.59 0.61
0.53 0.64
0.66 0.70
0.53 0.64
0.55 0.72
0.77 0.67
0.68 0.60
0.59 0.61
0.77 0.67
0.59 0.61
0.66 0.70
0.25 1.00
0.28 0.93
0.23 0.90
0.25 1.00
0.23 0.90
0.16 0.98
0.16 0.98
0.23 0.90
0.14 0.87
0.16 0.98
0.14 0.87
0.10 0.93
0.23 0.90
0.25 0.83
0.22 0.78
0.23 0.90
0.22 0.78
0.14 0.87
0.28 0.93
0.30 0.86
0.25 0.83
0.28 0.93
0.25 0.83
0.23 0.90
0.10 0.93
0.14 0.87
0.11 0.81
0.10 0.93
0.11 0.81
0.03 0.89
0.03 0.89
0.11 0.81
0.04 0.75
0.03 0.89
0.04 0.75
0.00 0.82
0.11 0.81
0.14 0.74
0.09 0.68
0.11 0.81
0.09 0.68
0.04 0.75
0.14 0.87
0.22 0.78
0.14 0.74
0.14 0.87
0.14 0.74
0.11 0.81
0.22 0.78
0.22 0.71
0.19 0.66
0.22 0.78
0.19 0.66
0.14 0.74
0.14 0.74
0.19 0.66
0.12 0.61
0.14 0.74
0.12 0.61
0.09 0.68
0.19 0.66
0.21 0.57
0.17 0.56
0.19 0.66
0.17 0.56
0.12 0.61
0.22 0.71
0.26 0.60
0.21 0.57
0.22 0.71
0.21 0.57
0.19 0.66
0.30 0.86
0.33 0.79
0.30 0.74
0.30 0.86
0.30 0.74
0.25 0.83
0.25 0.83
0.30 0.74
0.22 0.71
0.25 0.83
0.22 0.71
0.22 0.78
0.30 0.74
0.31 0.64
0.26 0.60
0.30 0.74
0.26 0.60
0.22 0.71
0.33 0.79
0.37 0.69
0.31 0.64
0.33 0.79
0.31 0.64
0.30 0.74
0.68 0.60
0.61 0.53
0.56 0.58
0.68 0.60
0.56 0.58
0.59 0.61
0.59 0.61
0.56 0.58
0.47 0.60
0.59 0.61
0.47 0.60
0.53 0.64
0.56 0.58
0.49 0.52
0.43 0.57
0.56 0.58
0.43 0.57
0.47 0.60
0.61 0.53
0.56 0.48
0.49 0.52
0.61 0.53
0.49 0.52
0.56 0.58
0.53 0.64
0.47 0.60
0.41 0.63
0.53 0.64
0.41 0.63
0.44 0.68
0.44 0.68
0.41 0.63
0.31 0.64
0.44 0.68
0.31 0.64
0.37 0.69
0.41 0.63
0.34 0.58
0.26 0.60
0.41 0.63
0.26 0.60
0.31 0.64
0.47 0.60
0.43 0.57
0.34 0.58
0.47 0.60
0.34 0.58
0.41 0.63
0.43 0.57
0.36 0.51
0.31 0.56
0.43 0.57
0.31 0.56
0.34 0.58
0.34 0.58
0.31 0.56
0.21 0.57
0.34 0.58
0.21 0.57
0.26 0.60
0.31 0.56
0.23 0.50
0.17 0.56
0.31 0.56
0.17 0.56
0.21 0.57
0.36 0.51
0.30 0.46
0.23 0.50
0.36 0.51
0.23 0.50
0.31 0.56
0.56 0.48
0.51 0.44
0.43 0.47
0.56 0.48
0.43 0.47
0.49 0.52
0.49 0.52
0.43 0.47
0.36 0.51
0.49 0.52
0.36 0.51
0.43 0.57
0.43 0.47
0.38 0.43
0.30 0.46
0.43 0.47
0.30 0.46
0.36 0.51
0.51 0.44
0.46 0.41
0.38 0.43
0.51 0.44
0.38 0.43
0.43 0.47
0.00 0.82
0.04 0.75
0.03 0.65
0.00 0.82
0.03 0.65
-0.08 0.69
-0.08 0.69
0.03 0.65
-0.03 0.52
-0.08 0.69
-0.03 0.52
-0.11 0.52
0.03 0.65
0.07 0.60
0.07 0.53
0.03 0.65
0.07 0.53
-0.03 0.52
0.04 0.75
0.09 0.68
0.07 0.60
0.04 0.75
0.07 0.60
0.03 0.65
-0.11 0.52
-0.03 0.52
-0.02 0.44
-0.11 0.52
-0.02 0.44
-0.12 0.40
-0.12 0.40
-0.02 0.44
-0.06 0.31
-0.12 0.40
-0.06 0.31
-0.12 0.30
-0.02 0.44
0.03 0.43
0.01 0.34
-0.02 0.44
0.01 0.34
-0.06 0.31
-0.03 0.52
0.07 0.53
0.03 0.43
-0.03 0.52
0.03 0.43
-0.02 0.44
0.07 0.53
0.10 0.50
0.10 0.44
0.07 0.53
0.10 0.44
0.03 0.43
0.03 0.43
0.10 0.44
0.07 0.36
0.03 0.43
0.07 0.36
0.01 0.34
0.10 0.44
0.15 0.43
0.15 0.41
0.10 0.44
0.15 0.41
0.07 0.36
0.10 0.50
0.15 0.47
0.15 0.43
0.10 0.50
0.15 0.43
0.10 0.44
0.09 0.68
0.12 0.61
0.12 0.57
0.09 0.68
0.12 0.57
0.07 0.60
0.07 0.60
0.12 0.57
0.10 0.50
0.07 0.60
0.10 0.50
0.07 0.53
0.12 0.57
0.15 0.50
0.15 0.47
0.12 0.57
0.15 0.47
0.10 0.50
0.12 0.61
0.17 0.56
0.15 0.50
0.12 0.61
0.15 0.50
0.12 0.57
-0.12 0.30
-0.06 0.31
-0.04 0.25
-0.12 0.30
-0.04 0.25
-0.14 0.18
-0.14 0.18
-0.04 0.25
-0.04 0.15
-0.14 0.18
-0.04 0.15
-0.14 0.08
-0.04 0.25
0.02 0.27
0.06 0.22
-0.04 0.25
0.06 0.22
-0.04 0.15
-0.06 0.31
0.01 0.34
0.02 0.27
-0.06 0.31
0.02 0.27
-0.04 0.25
-0.14 0.08
-0.04 0.15
0.02 0.11
-0.14 0.08
0.02 0.11
-0.10 0.02
-0.10 0.02
0.02 0.11
0.04 0.03
-0.10 0.02
0.04 0.03
0.00 0.00
0.02 0.11
0.07 0.14
0.09 0.07
0.02 0.11
0.09 0.07
0.04 0.03
-0.04 0.15
0.06 0.22
0.07 0.14
-0.04 0.15
0.07 0.14
0.02 0.11
0.06 0.22
0.11 0.24
0.12 0.18
0.06 0.22
0.12 0.18
0.07 0.14
0.07 0.14
0.12 0.18
0.13 0.11
0.07 0.14
0.13 0.11
0.09 0.07
0.12 0.18
0.18 0.22
0.20 0.17
0.12 0.18
0.20 0.17
0.13 0.11
0.11 0.24
0.17 0.28
0.18 0.22
0.11 0.24
0.18 0.22
0.12 0.18
0.01 0.34
0.07 0.36
0.11 0.32
0.01 0.34
0.11 0.32
0.02 0.27
0.02 0.27
0.11 0.32
0.11 0.24
0.02 0.27
0.11 0.24
0.06 0.22
0.11 0.32
0.15 0.33
0.17 0.28
0.11 0.32
0.17 0.28
0.11 0.24
0.07 0.36
0.15 0.41
0.15 0.33
0.07 0.36
0.15 0.33
0.11 0.32
0.17 0.56
0.23 0.50
0.24 0.48
0.17 0.56
0.24 0.48
0.15 0.50
0.15 0.50
0.24 0.48
0.20 0.43
0.15 0.50
0.20 0.43
0.15 0.47
0.24 0.48
0.27 0.42
0.27 0.40
0.24 0.48
0.27 0.40
0.20 0.43
0.23 0.50
0.30 0.46
0.27 0.42
0.23 0.50
0.27 0.42
0.24 0.48
0.15 0.47
0.20 0.43
0.19 0.39
0.15 0.47
0.19 0.39
0.15 0.43
0.15 0.43
0.19 0.39
0.15 0.33
0.15 0.43
0.15 0.33
0.15 0.41
0.19 0.39
0.21 0.33
0.17 0.28
0.19 0.39
0.17 0.28
0.15 0.33
0.20 0.43
0.27 0.40
0.21 0.33
0.20 0.43
0.21 0.33
0.19 0.39
0.27 0.40
0.29 0.34
0.24 0.28
0.27 0.40
0.24 0.28
0.21 0.33
0.21 0.33
0.24 0.28
0.18 0.22
0.21 0.33
0.18 0.22
0.17 0.28
0.24 0.28
0.26 0.22
0.20 0.17
0.24 0.28
0.20 0.17
0.18 0.22
0.29 0.34
0.33 0.29
0.26 0.22
0.29 0.34
0.26 0.22
0.24 0.28
0.30 0.46
0.38 0.43
0.35 0.40
0.30 0.46
0.35 0.40
0.27 0.42
0.27 0.42
0.35 0.40
0.29 0.34
0.27 0.42
0.29 0.34
0.27 0.40
0.35 0.40
0.39 0.34
0.33 0.29
0.35 0.40
0.33 0.29
0.29 0.34
0.38 0.43
0.46 0.41
0.39 0.34
0.38 0.43
0.39 0.34
0.35 0.40
